[gd_scene load_steps=14 format=3 uid="uid://camopr6i6qhcn"]

[ext_resource type="PackedScene" uid="uid://bq2sqb1u1l5ve" path="res://Scenes/joystick.tscn" id="2_8lsrf"]
[ext_resource type="PackedScene" uid="uid://0uxogtw56mdy" path="res://Scenes/player.tscn" id="3_22n0r"]
[ext_resource type="PackedScene" uid="uid://lcq8fa57rdkp" path="res://Scenes/camera.tscn" id="3_bn1tj"]
[ext_resource type="Script" path="res://Scenes/follow_entity.gd" id="4_rxkg7"]
[ext_resource type="PackedScene" uid="uid://c0mhhtw18xwcn" path="res://Scenes/enemy.tscn" id="5_y7mjc"]
[ext_resource type="Shader" path="res://src/globalOutline.gdshader" id="9_f3tec"]
[ext_resource type="Script" path="res://Scenes/TerrainTiles.gd" id="9_jnp4b"]

[sub_resource type="PhysicsMaterial" id="PhysicsMaterial_5qrcj"]
friction = 0.0

[sub_resource type="BoxMesh" id="BoxMesh_8gh71"]
size = Vector3(5, 6, 1)

[sub_resource type="BoxShape3D" id="BoxShape3D_4dbju"]
size = Vector3(5, 6, 1)

[sub_resource type="ShaderMaterial" id="ShaderMaterial_k2i50"]
render_priority = 0
shader = ExtResource("9_f3tec")
shader_parameter/outlineColor = Color(0, 0, 0, 0.78)
shader_parameter/depth_threshold = 0.025
shader_parameter/normal_threshold = 0.5
shader_parameter/normal_smoothing = 0.25
shader_parameter/max_thickness = 1.3
shader_parameter/min_thickness = 0.5
shader_parameter/max_distance = 75.0
shader_parameter/min_distance = 2.0
shader_parameter/grazing_fresnel_power = 5.0
shader_parameter/grazing_angle_mask_power = 1.0
shader_parameter/grazing_angle_modulation_factor = 50.0

[sub_resource type="QuadMesh" id="QuadMesh_tpcv2"]
material = SubResource("ShaderMaterial_k2i50")
flip_faces = true
size = Vector2(2, 2)

[sub_resource type="StandardMaterial3D" id="StandardMaterial3D_y1no3"]
albedo_color = Color(0.813618, 0.567706, 0.291506, 1)

[node name="World" type="Node3D" groups=["World"]]

[node name="joystick" parent="." instance=ExtResource("2_8lsrf")]

[node name="Enemy" parent="." node_paths=PackedStringArray("target_node") instance=ExtResource("5_y7mjc")]
transform = Transform3D(1, 0, 0, 0, 1, 0, 0, 0, 1, -11.0477, 5.55589, 24.5587)
target_node = NodePath("../Player")

[node name="AnimationPlayer" type="AnimationPlayer" parent="."]

[node name="Player" parent="." instance=ExtResource("3_22n0r")]

[node name="ramp" type="StaticBody3D" parent="."]
transform = Transform3D(1, 0, 0, 0, 1, 0, 0, 0, 1, 0, -1, 0)
physics_material_override = SubResource("PhysicsMaterial_5qrcj")

[node name="MeshInstance3D" type="MeshInstance3D" parent="ramp"]
transform = Transform3D(1, 0, 0, 0, 0.573576, -0.819152, 0, 0.819152, 0.573576, 0, 1, 14)
mesh = SubResource("BoxMesh_8gh71")

[node name="CollisionShape3D" type="CollisionShape3D" parent="ramp"]
transform = Transform3D(1, 0, 0, 0, 0.642788, -0.766044, 0, 0.766044, 0.642788, 0, 1, 14)
shape = SubResource("BoxShape3D_4dbju")

[node name="Camera3D" parent="." node_paths=PackedStringArray("target") instance=ExtResource("3_bn1tj")]
transform = Transform3D(-1, -6.18173e-08, 6.18173e-08, 0, 0.707107, 0.707107, -8.74228e-08, 0.707107, -0.707107, 0, 12.278, -6.5782)
script = ExtResource("4_rxkg7")
target = NodePath("../Player")

[node name="MeshInstance3D" type="MeshInstance3D" parent="Camera3D"]
transform = Transform3D(-0.290702, 0, -0.956814, -0.676569, 0.707107, 0.205557, 0.676569, 0.707107, -0.205557, -3.49691e-07, -2.82843, -8.48528)
mesh = SubResource("QuadMesh_tpcv2")
skeleton = NodePath("../..")

[node name="DirectionalLight3D" type="DirectionalLight3D" parent="."]
transform = Transform3D(-0.324295, -0.50608, 0.799197, -0.305142, 0.855659, 0.418015, -0.895389, -0.108308, -0.431913, 3.05484, 3.38344, 0)

[node name="Terrain" type="Node3D" parent="." node_paths=PackedStringArray("player")]
script = ExtResource("9_jnp4b")
chunk_size = 100.0
player = NodePath("../Player")
terrain_material = SubResource("StandardMaterial3D_y1no3")

[node name="Marker3D" type="Marker3D" parent="."]
transform = Transform3D(1, 0, 0, 0, 1, 0, 0, 0, 1, -0.313153, 1.46761, 1.61003)
